Training Epoch --- Training Accuracy --- Validation Accuracy --- Validation Loss
1	0.506	0.526	15.587
2	0.512	0.539	11.494
3	0.520	0.542	8.621
4	0.523	0.528	6.894
5	0.525	0.535	5.904
6	0.526	0.531	5.338
7	0.527	0.536	4.987
8	0.528	0.537	4.756
9	0.528	0.540	4.594
10	0.530	0.540	4.475
11	0.532	0.543	4.381
12	0.532	0.543	4.301
13	0.533	0.544	4.228
14	0.535	0.542	4.160
15	0.536	0.542	4.097
16	0.537	0.542	4.036
17	0.538	0.542	3.976
18	0.539	0.543	3.919
19	0.541	0.545	3.862
20	0.542	0.545	3.807
21	0.542	0.549	3.754
22	0.543	0.551	3.702
23	0.544	0.551	3.650
24	0.545	0.551	3.601
25	0.547	0.554	3.551
26	0.548	0.555	3.503
27	0.550	0.556	3.455
28	0.551	0.556	3.408
29	0.552	0.556	3.363
30	0.554	0.555	3.318
31	0.556	0.555	3.273
32	0.557	0.557	3.229
33	0.559	0.559	3.186
34	0.561	0.561	3.143
35	0.562	0.559	3.100
36	0.563	0.561	3.059
37	0.564	0.563	3.018
38	0.566	0.561	2.979
39	0.567	0.563	2.941
40	0.568	0.564	2.903
41	0.570	0.564	2.865
42	0.571	0.562	2.829
43	0.573	0.564	2.793
44	0.574	0.565	2.757
45	0.574	0.566	2.723
46	0.574	0.567	2.688
47	0.576	0.571	2.655
48	0.576	0.572	2.621
49	0.577	0.575	2.589
50	0.577	0.576	2.556
51	0.577	0.578	2.525
52	0.578	0.582	2.493
53	0.579	0.582	2.463
54	0.581	0.579	2.433
55	0.584	0.579	2.404
56	0.586	0.583	2.375
57	0.586	0.584	2.347
58	0.587	0.585	2.319
59	0.588	0.587	2.292
60	0.589	0.590	2.265
61	0.590	0.590	2.238
62	0.591	0.593	2.212
63	0.593	0.594	2.187
64	0.593	0.597	2.162
65	0.595	0.599	2.137
66	0.595	0.600	2.112
67	0.596	0.599	2.088
68	0.598	0.602	2.065
69	0.599	0.603	2.042
70	0.600	0.603	2.020
71	0.601	0.602	1.997
72	0.602	0.603	1.976
73	0.602	0.604	1.955
74	0.603	0.613	1.934
75	0.604	0.613	1.913
76	0.606	0.614	1.893
77	0.607	0.615	1.872
78	0.608	0.614	1.853
79	0.610	0.613	1.833
80	0.611	0.615	1.814
81	0.612	0.615	1.796
82	0.613	0.625	1.777
83	0.614	0.625	1.760
84	0.615	0.626	1.742
85	0.616	0.627	1.726
86	0.618	0.630	1.709
87	0.619	0.633	1.692
88	0.619	0.634	1.676
89	0.621	0.634	1.660
90	0.622	0.635	1.644
91	0.622	0.636	1.628
92	0.623	0.636	1.613
93	0.624	0.632	1.598
94	0.625	0.636	1.583
95	0.626	0.636	1.569
96	0.627	0.637	1.555
97	0.629	0.638	1.541
98	0.631	0.643	1.528
99	0.632	0.647	1.515
100	0.632	0.648	1.502
101	0.634	0.650	1.490
102	0.635	0.647	1.478
103	0.636	0.647	1.466
104	0.636	0.649	1.454
105	0.638	0.649	1.443
106	0.639	0.651	1.432
107	0.639	0.654	1.421
108	0.640	0.655	1.411
109	0.641	0.654	1.400
110	0.642	0.654	1.390
111	0.643	0.656	1.380
112	0.644	0.655	1.371
113	0.645	0.658	1.361
114	0.646	0.658	1.352
115	0.647	0.659	1.343
116	0.648	0.660	1.334
117	0.649	0.661	1.325
118	0.650	0.662	1.317
119	0.651	0.663	1.309
120	0.651	0.664	1.300
121	0.652	0.664	1.292
122	0.653	0.665	1.284
123	0.654	0.665	1.276
124	0.655	0.666	1.269
125	0.655	0.668	1.261
126	0.656	0.667	1.254
127	0.657	0.667	1.246
128	0.657	0.667	1.239
129	0.659	0.668	1.232
130	0.659	0.669	1.226
131	0.661	0.670	1.219
132	0.661	0.671	1.212
133	0.662	0.673	1.206
134	0.662	0.673	1.200
135	0.664	0.672	1.194
136	0.664	0.673	1.188
137	0.665	0.673	1.182
138	0.666	0.675	1.176
139	0.666	0.675	1.170
140	0.667	0.675	1.165
141	0.668	0.676	1.159
142	0.668	0.676	1.154
143	0.669	0.677	1.148
144	0.670	0.679	1.143
145	0.671	0.680	1.138
146	0.672	0.680	1.132
147	0.673	0.681	1.127
148	0.674	0.677	1.122
149	0.675	0.678	1.117
150	0.675	0.679	1.113
151	0.675	0.678	1.108
152	0.676	0.678	1.103
153	0.677	0.679	1.099
154	0.677	0.677	1.094
155	0.678	0.677	1.090
156	0.679	0.678	1.085
157	0.679	0.678	1.081
158	0.679	0.678	1.077
159	0.680	0.678	1.073
160	0.681	0.678	1.069
161	0.681	0.678	1.064
162	0.682	0.678	1.060
163	0.683	0.678	1.056
164	0.683	0.679	1.052
165	0.684	0.681	1.048
166	0.684	0.680	1.045
167	0.685	0.681	1.041
168	0.685	0.684	1.037
169	0.686	0.684	1.033
170	0.686	0.685	1.030
171	0.687	0.684	1.026
172	0.687	0.682	1.023
173	0.687	0.682	1.019
174	0.688	0.682	1.016
175	0.688	0.682	1.013
176	0.689	0.683	1.009
177	0.689	0.683	1.006
178	0.690	0.683	1.003
179	0.691	0.682	1.000
180	0.691	0.683	0.997
181	0.692	0.681	0.994
182	0.692	0.681	0.991
183	0.693	0.682	0.988
184	0.694	0.682	0.985
185	0.694	0.682	0.982
186	0.695	0.683	0.979
187	0.695	0.681	0.976
188	0.696	0.682	0.973
189	0.696	0.683	0.970
190	0.696	0.683	0.968
191	0.697	0.684	0.965
192	0.698	0.683	0.962
193	0.698	0.684	0.959
194	0.699	0.684	0.957
195	0.699	0.684	0.954
196	0.699	0.685	0.952
197	0.700	0.684	0.949
198	0.700	0.685	0.947
199	0.700	0.685	0.944
200	0.700	0.684	0.942
201	0.701	0.687	0.940
202	0.701	0.687	0.937
203	0.701	0.687	0.935
204	0.702	0.688	0.933
205	0.702	0.686	0.930
206	0.702	0.685	0.928
207	0.703	0.686	0.926
208	0.703	0.683	0.924
209	0.703	0.684	0.921
210	0.704	0.684	0.919
211	0.704	0.684	0.917
212	0.705	0.685	0.915
213	0.705	0.685	0.913
214	0.706	0.685	0.911
215	0.706	0.686	0.909
216	0.706	0.686	0.907
217	0.706	0.687	0.905
218	0.707	0.687	0.903
219	0.707	0.687	0.901
220	0.707	0.687	0.899
221	0.708	0.690	0.897
222	0.708	0.691	0.895
223	0.708	0.691	0.893
224	0.709	0.691	0.891
225	0.709	0.692	0.889
226	0.709	0.693	0.887
227	0.710	0.691	0.885
228	0.710	0.691	0.883
229	0.710	0.692	0.881
230	0.711	0.694	0.880
231	0.711	0.694	0.878
232	0.712	0.694	0.876
233	0.713	0.694	0.874
234	0.713	0.695	0.872
235	0.713	0.694	0.871
236	0.714	0.694	0.869
237	0.714	0.695	0.867
238	0.714	0.696	0.866
239	0.714	0.697	0.864
240	0.715	0.697	0.862
241	0.715	0.697	0.861
242	0.716	0.697	0.859
243	0.716	0.698	0.858
244	0.715	0.699	0.856
245	0.716	0.699	0.854
246	0.716	0.699	0.853
247	0.716	0.699	0.851
248	0.717	0.699	0.850
249	0.717	0.700	0.848
250	0.717	0.700	0.847
251	0.718	0.700	0.845
252	0.718	0.698	0.844
253	0.718	0.698	0.843
254	0.718	0.698	0.841
255	0.718	0.699	0.840
256	0.719	0.699	0.838
257	0.719	0.699	0.837
258	0.719	0.700	0.836
259	0.720	0.700	0.834
260	0.720	0.700	0.833
261	0.720	0.699	0.831
262	0.720	0.697	0.830
263	0.720	0.697	0.829
264	0.721	0.697	0.827
265	0.721	0.696	0.826
266	0.721	0.696	0.825
267	0.722	0.696	0.823
268	0.722	0.697	0.822
269	0.722	0.697	0.821
270	0.722	0.696	0.819
271	0.722	0.696	0.818
272	0.723	0.696	0.817
273	0.723	0.695	0.816
274	0.723	0.698	0.814
275	0.724	0.697	0.813
276	0.724	0.698	0.812
277	0.724	0.698	0.811
278	0.725	0.698	0.810
279	0.725	0.698	0.809
280	0.725	0.698	0.808
281	0.726	0.698	0.807
282	0.726	0.698	0.806
283	0.726	0.698	0.805
284	0.726	0.698	0.804
285	0.727	0.698	0.803
286	0.727	0.698	0.802
287	0.727	0.698	0.801
288	0.727	0.698	0.800
289	0.728	0.698	0.799
290	0.728	0.698	0.798
291	0.728	0.698	0.797
292	0.728	0.697	0.796
293	0.729	0.697	0.795
294	0.729	0.697	0.794
295	0.729	0.697	0.793
296	0.730	0.697	0.792
297	0.730	0.697	0.791
298	0.730	0.698	0.790
299	0.731	0.698	0.789
300	0.731	0.699	0.789
301	0.732	0.700	0.788
302	0.732	0.700	0.787
303	0.732	0.700	0.786
304	0.732	0.703	0.785
305	0.733	0.702	0.784
306	0.733	0.702	0.784
307	0.733	0.702	0.783
308	0.733	0.702	0.782
309	0.733	0.702	0.781
310	0.733	0.702	0.781
311	0.734	0.702	0.780
312	0.734	0.703	0.779
313	0.734	0.703	0.778
314	0.735	0.706	0.778
315	0.735	0.709	0.777
316	0.735	0.709	0.776
317	0.735	0.709	0.775
318	0.736	0.709	0.775
319	0.736	0.709	0.774
320	0.737	0.709	0.773
321	0.736	0.709	0.773
322	0.737	0.709	0.772
323	0.737	0.711	0.771
324	0.737	0.711	0.771
325	0.737	0.711	0.770
326	0.737	0.711	0.769
327	0.738	0.710	0.769
328	0.738	0.711	0.768
329	0.738	0.711	0.767
330	0.738	0.711	0.767
331	0.738	0.712	0.766
332	0.739	0.712	0.766
333	0.739	0.712	0.765
334	0.739	0.712	0.765
335	0.739	0.712	0.764
336	0.739	0.712	0.763
337	0.739	0.712	0.763
338	0.740	0.712	0.762
339	0.740	0.713	0.762
340	0.740	0.713	0.761
341	0.740	0.713	0.760
342	0.740	0.712	0.760
343	0.740	0.712	0.759
344	0.741	0.712	0.759
345	0.740	0.712	0.758
346	0.741	0.712	0.758
347	0.741	0.712	0.757
348	0.741	0.712	0.757
349	0.741	0.712	0.756
350	0.741	0.713	0.755
351	0.741	0.712	0.755
352	0.742	0.712	0.754
353	0.742	0.713	0.754
354	0.742	0.712	0.753
355	0.743	0.712	0.753
356	0.743	0.712	0.752
357	0.743	0.712	0.752
358	0.743	0.712	0.751
359	0.743	0.712	0.751
360	0.744	0.712	0.750
361	0.744	0.713	0.750
362	0.744	0.713	0.749
363	0.744	0.712	0.749
364	0.745	0.713	0.748
365	0.745	0.713	0.748
366	0.745	0.713	0.747
367	0.745	0.712	0.747
368	0.745	0.715	0.746
369	0.746	0.715	0.746
370	0.746	0.715	0.746
371	0.746	0.715	0.745
372	0.746	0.715	0.745
373	0.746	0.715	0.744
374	0.746	0.715	0.744
375	0.746	0.715	0.743
376	0.746	0.715	0.743
377	0.746	0.716	0.742
378	0.747	0.716	0.742
379	0.747	0.716	0.742
380	0.747	0.716	0.741
381	0.747	0.716	0.741
382	0.747	0.715	0.740
383	0.747	0.714	0.740
384	0.747	0.715	0.739
385	0.747	0.715	0.739
386	0.748	0.715	0.739
387	0.748	0.716	0.738
388	0.748	0.715	0.738
389	0.748	0.715	0.737
390	0.748	0.713	0.737
391	0.748	0.713	0.737
392	0.748	0.713	0.736
393	0.748	0.713	0.736
394	0.748	0.714	0.736
395	0.748	0.714	0.735
396	0.749	0.714	0.735
397	0.749	0.714	0.734
398	0.749	0.714	0.734
399	0.749	0.713	0.734
400	0.749	0.713	0.733
401	0.749	0.713	0.733
402	0.749	0.713	0.733
403	0.750	0.713	0.732
404	0.750	0.713	0.732
405	0.750	0.713	0.732
406	0.750	0.712	0.731
407	0.750	0.713	0.731
408	0.751	0.713	0.731
409	0.750	0.713	0.731
410	0.751	0.713	0.730
411	0.751	0.713	0.730
412	0.751	0.713	0.730
413	0.751	0.713	0.730
414	0.751	0.713	0.730
415	0.751	0.713	0.729
416	0.751	0.714	0.729
417	0.751	0.714	0.729
418	0.751	0.713	0.729
419	0.752	0.714	0.728
420	0.752	0.714	0.728
421	0.751	0.714	0.728
422	0.752	0.715	0.728
423	0.752	0.715	0.727
424	0.752	0.715	0.727
425	0.752	0.715	0.727
426	0.753	0.715	0.727
427	0.752	0.715	0.727
428	0.753	0.715	0.726
429	0.753	0.715	0.726
430	0.752	0.715	0.726
431	0.752	0.715	0.726
432	0.752	0.715	0.725
433	0.753	0.715	0.725
434	0.753	0.715	0.725
435	0.753	0.714	0.725
436	0.753	0.715	0.724
437	0.753	0.715	0.724
438	0.753	0.715	0.724
439	0.753	0.715	0.724
440	0.753	0.714	0.724
441	0.753	0.715	0.723
442	0.753	0.715	0.723
443	0.753	0.715	0.723
444	0.753	0.715	0.723
445	0.753	0.715	0.723
446	0.753	0.715	0.722
447	0.753	0.716	0.722
448	0.753	0.716	0.722
449	0.753	0.716	0.722
450	0.753	0.714	0.722
451	0.754	0.714	0.721
452	0.754	0.714	0.721
453	0.754	0.714	0.721
454	0.754	0.714	0.721
455	0.754	0.714	0.721
456	0.754	0.714	0.721
457	0.754	0.711	0.720
458	0.755	0.711	0.720
459	0.755	0.712	0.720
460	0.755	0.712	0.720
461	0.755	0.711	0.720
462	0.755	0.711	0.719
463	0.755	0.711	0.719
464	0.755	0.711	0.719
465	0.755	0.711	0.719
466	0.755	0.713	0.719
467	0.755	0.712	0.719
468	0.756	0.712	0.718
469	0.756	0.712	0.718
470	0.756	0.712	0.718
471	0.756	0.712	0.718
472	0.756	0.713	0.718
473	0.756	0.713	0.718
474	0.756	0.713	0.717
475	0.756	0.713	0.717
476	0.756	0.713	0.717
477	0.756	0.713	0.717
478	0.756	0.713	0.717
479	0.756	0.713	0.717
480	0.757	0.714	0.716
481	0.757	0.714	0.716
482	0.757	0.714	0.716
483	0.757	0.715	0.716
484	0.757	0.715	0.716
485	0.758	0.715	0.716
486	0.758	0.715	0.716
487	0.758	0.715	0.715
488	0.758	0.715	0.715
489	0.759	0.716	0.715
490	0.758	0.715	0.715
491	0.758	0.715	0.715
492	0.758	0.715	0.715
493	0.758	0.716	0.715
494	0.758	0.716	0.715
495	0.758	0.716	0.714
496	0.758	0.715	0.714
497	0.758	0.716	0.714
498	0.758	0.716	0.714
499	0.758	0.716	0.714
500	0.758	0.716	0.714
501	0.759	0.714	0.714
502	0.758	0.714	0.714
503	0.759	0.716	0.713
504	0.759	0.713	0.713
505	0.759	0.713	0.713
506	0.759	0.713	0.713
507	0.759	0.713	0.713
508	0.759	0.713	0.713
509	0.759	0.713	0.713
510	0.759	0.713	0.713
511	0.759	0.713	0.713
512	0.759	0.713	0.712
513	0.759	0.713	0.712
514	0.759	0.713	0.712
515	0.759	0.712	0.712
516	0.759	0.712	0.712
517	0.759	0.712	0.712
518	0.758	0.712	0.712
519	0.759	0.712	0.712
520	0.759	0.713	0.712
521	0.759	0.712	0.712
522	0.759	0.712	0.712
523	0.759	0.712	0.711
524	0.759	0.712	0.711
525	0.759	0.712	0.711
526	0.759	0.711	0.711
527	0.759	0.711	0.711
528	0.759	0.711	0.711
529	0.759	0.711	0.711
530	0.759	0.711	0.711
531	0.759	0.711	0.711
532	0.759	0.711	0.711
533	0.759	0.711	0.711
534	0.759	0.711	0.711
535	0.759	0.711	0.711
536	0.759	0.712	0.711
537	0.759	0.715	0.710
538	0.759	0.714	0.710
539	0.759	0.714	0.710
540	0.759	0.714	0.710
541	0.759	0.714	0.710
542	0.759	0.714	0.710
543	0.759	0.714	0.710
544	0.759	0.714	0.710
545	0.759	0.714	0.710
546	0.759	0.714	0.710
547	0.759	0.714	0.710
548	0.759	0.714	0.710
549	0.760	0.715	0.710
550	0.760	0.714	0.710
551	0.760	0.715	0.709
552	0.760	0.715	0.709
553	0.760	0.715	0.709
554	0.760	0.715	0.709
555	0.760	0.715	0.709
556	0.760	0.715	0.709
557	0.760	0.715	0.709
558	0.760	0.715	0.709
559	0.760	0.715	0.709
560	0.760	0.715	0.709
561	0.760	0.716	0.709
562	0.760	0.716	0.709
563	0.760	0.716	0.709
564	0.760	0.715	0.709
565	0.760	0.716	0.709
566	0.760	0.716	0.709
567	0.760	0.716	0.708
568	0.761	0.716	0.708
569	0.760	0.716	0.708
570	0.760	0.716	0.708
571	0.761	0.716	0.708
572	0.760	0.716	0.708
573	0.761	0.716	0.708
574	0.761	0.716	0.708
575	0.761	0.716	0.708
576	0.761	0.716	0.708
577	0.761	0.716	0.708
578	0.761	0.716	0.708
579	0.761	0.716	0.708
580	0.761	0.716	0.708
581	0.761	0.716	0.708
582	0.761	0.716	0.708
583	0.761	0.716	0.708
584	0.761	0.717	0.708
585	0.761	0.716	0.708
586	0.761	0.716	0.708
587	0.761	0.717	0.708
588	0.761	0.717	0.708
589	0.761	0.717	0.707
590	0.761	0.717	0.707
591	0.761	0.717	0.707
592	0.761	0.717	0.707
593	0.761	0.717	0.707
594	0.761	0.717	0.707
595	0.761	0.717	0.707
596	0.761	0.718	0.707
597	0.762	0.718	0.707
598	0.762	0.717	0.707
599	0.762	0.718	0.707
600	0.762	0.718	0.707
601	0.761	0.717	0.707
602	0.761	0.717	0.707
603	0.761	0.717	0.707
604	0.761	0.715	0.707
605	0.761	0.715	0.707
606	0.761	0.715	0.707
607	0.761	0.715	0.707
608	0.761	0.715	0.707
609	0.761	0.715	0.707
610	0.761	0.715	0.707
611	0.761	0.715	0.707
612	0.761	0.715	0.707
613	0.761	0.715	0.707
614	0.761	0.715	0.707
615	0.762	0.715	0.707
616	0.762	0.714	0.707
617	0.762	0.714	0.707
618	0.762	0.714	0.707
619	0.762	0.714	0.707
620	0.761	0.714	0.707
621	0.761	0.714	0.707
622	0.761	0.714	0.707
623	0.762	0.714	0.707
624	0.762	0.714	0.707
625	0.762	0.714	0.707
626	0.762	0.714	0.707
627	0.762	0.714	0.707
628	0.762	0.714	0.707
629	0.762	0.713	0.706
630	0.762	0.713	0.706
631	0.762	0.714	0.706
632	0.762	0.714	0.706
633	0.762	0.714	0.706
634	0.762	0.714	0.706
635	0.762	0.714	0.706
636	0.762	0.714	0.706
637	0.762	0.714	0.706
638	0.762	0.714	0.706
639	0.762	0.714	0.706
640	0.762	0.715	0.706
641	0.762	0.715	0.706
642	0.763	0.715	0.706
643	0.762	0.715	0.706
644	0.763	0.715	0.706
645	0.763	0.715	0.706
646	0.763	0.715	0.706
647	0.763	0.715	0.706
648	0.763	0.717	0.706
649	0.763	0.719	0.706
650	0.763	0.716	0.706
651	0.763	0.716	0.706
652	0.763	0.718	0.706
653	0.763	0.718	0.706
654	0.763	0.718	0.706
655	0.763	0.718	0.706
656	0.763	0.718	0.706
657	0.763	0.718	0.706
658	0.763	0.715	0.706
659	0.763	0.715	0.706
660	0.763	0.718	0.706
661	0.763	0.718	0.706
662	0.763	0.717	0.706
663	0.763	0.717	0.706
664	0.763	0.717	0.706
665	0.763	0.717	0.706
666	0.763	0.717	0.706
667	0.763	0.717	0.706
668	0.763	0.717	0.706
669	0.763	0.717	0.706
670	0.763	0.716	0.706
671	0.763	0.716	0.706
672	0.763	0.716	0.706
673	0.763	0.716	0.706
674	0.764	0.716	0.706
675	0.763	0.716	0.706
676	0.764	0.716	0.706
677	0.764	0.716	0.706
678	0.764	0.716	0.706
679	0.764	0.716	0.706
680	0.764	0.716	0.706
681	0.764	0.716	0.706
682	0.764	0.716	0.706
683	0.764	0.716	0.706
684	0.764	0.716	0.706
685	0.764	0.716	0.706
686	0.764	0.716	0.706
687	0.764	0.716	0.706
688	0.764	0.716	0.706
689	0.764	0.716	0.706
690	0.764	0.716	0.706
691	0.764	0.716	0.706
692	0.765	0.716	0.706
693	0.764	0.715	0.706
694	0.764	0.715	0.706
695	0.765	0.715	0.706
696	0.765	0.715	0.706
697	0.765	0.715	0.706
698	0.764	0.716	0.706
699	0.764	0.716	0.706
700	0.764	0.715	0.705
701	0.764	0.715	0.706
702	0.764	0.715	0.706
703	0.764	0.715	0.706
704	0.764	0.715	0.705
705	0.764	0.715	0.705
706	0.764	0.715	0.706
707	0.764	0.715	0.706
708	0.764	0.715	0.706
709	0.764	0.715	0.706
710	0.764	0.715	0.706
711	0.764	0.715	0.706
712	0.764	0.715	0.706
713	0.764	0.715	0.706
714	0.764	0.715	0.706
715	0.764	0.715	0.706
716	0.764	0.715	0.706
717	0.764	0.715	0.706
718	0.764	0.715	0.706
719	0.764	0.715	0.706
720	0.764	0.715	0.706
721	0.764	0.715	0.706
722	0.764	0.715	0.706
723	0.764	0.715	0.706
724	0.764	0.715	0.706
725	0.764	0.715	0.706
726	0.764	0.715	0.706
727	0.764	0.715	0.706
728	0.764	0.715	0.706
729	0.764	0.715	0.706
730	0.764	0.715	0.706
731	0.764	0.715	0.706
732	0.764	0.715	0.706
733	0.764	0.715	0.706
734	0.764	0.715	0.706
735	0.764	0.714	0.706
736	0.764	0.714	0.706
737	0.764	0.714	0.706
738	0.764	0.714	0.706
739	0.764	0.714	0.706
740	0.764	0.714	0.706
741	0.765	0.714	0.706
742	0.765	0.714	0.706
743	0.765	0.714	0.706
744	0.765	0.714	0.706
745	0.765	0.714	0.706
746	0.765	0.714	0.706
747	0.765	0.715	0.706
748	0.765	0.714	0.706
749	0.765	0.714	0.706
750	0.765	0.715	0.706
751	0.765	0.714	0.706
752	0.765	0.715	0.706
753	0.765	0.715	0.706
754	0.765	0.715	0.706
755	0.765	0.715	0.706
756	0.765	0.712	0.706
757	0.765	0.715	0.706
758	0.765	0.712	0.706
759	0.765	0.712	0.706
760	0.765	0.712	0.707
761	0.765	0.712	0.707
762	0.765	0.712	0.707
763	0.765	0.712	0.707
764	0.765	0.712	0.707
765	0.765	0.712	0.707
766	0.765	0.712	0.707
767	0.765	0.712	0.707
768	0.765	0.712	0.707
769	0.765	0.712	0.707
770	0.765	0.712	0.707
771	0.765	0.711	0.707
772	0.765	0.711	0.707
773	0.765	0.712	0.707
774	0.765	0.711	0.707
775	0.765	0.711	0.707
776	0.765	0.711	0.707
777	0.765	0.711	0.707
778	0.765	0.711	0.707
779	0.765	0.711	0.707
780	0.765	0.711	0.707
781	0.765	0.711	0.707
782	0.765	0.711	0.707
783	0.765	0.711	0.707
784	0.765	0.710	0.707
785	0.765	0.711	0.707
786	0.765	0.711	0.707
787	0.765	0.711	0.707
788	0.765	0.711	0.707
789	0.765	0.711	0.707
790	0.765	0.711	0.707
791	0.765	0.711	0.707
792	0.765	0.711	0.707
793	0.765	0.711	0.707
794	0.765	0.711	0.708
795	0.765	0.711	0.707
796	0.765	0.710	0.708
797	0.765	0.710	0.707
798	0.765	0.711	0.708
799	0.765	0.711	0.708
800	0.765	0.711	0.708
801	0.765	0.711	0.708
802	0.765	0.711	0.708
803	0.765	0.711	0.708
804	0.765	0.711	0.708
805	0.765	0.711	0.708
806	0.765	0.711	0.708
807	0.765	0.711	0.708
808	0.765	0.711	0.708
809	0.765	0.711	0.708
810	0.765	0.711	0.708
811	0.765	0.711	0.708
812	0.765	0.711	0.708
813	0.765	0.711	0.708
814	0.765	0.711	0.708
815	0.765	0.711	0.708
816	0.765	0.711	0.708
817	0.765	0.711	0.708
818	0.765	0.711	0.708
819	0.765	0.711	0.708
820	0.765	0.711	0.708
821	0.765	0.711	0.708
822	0.765	0.711	0.708
823	0.765	0.711	0.708
824	0.765	0.713	0.708
825	0.765	0.713	0.708
826	0.765	0.713	0.708
827	0.766	0.711	0.708
828	0.766	0.713	0.708
829	0.765	0.713	0.708
830	0.766	0.714	0.708
831	0.766	0.711	0.708
832	0.765	0.713	0.708
833	0.765	0.713	0.708
834	0.766	0.714	0.708
835	0.766	0.714	0.708
836	0.766	0.712	0.708
837	0.766	0.713	0.708
838	0.765	0.713	0.708
839	0.765	0.714	0.708
840	0.766	0.714	0.708
841	0.766	0.714	0.708
842	0.765	0.714	0.708
843	0.766	0.713	0.708
844	0.765	0.713	0.708
845	0.765	0.713	0.708
846	0.765	0.713	0.708
847	0.765	0.714	0.708
848	0.765	0.713	0.708
849	0.765	0.714	0.708
850	0.765	0.714	0.708
851	0.765	0.714	0.708
852	0.765	0.714	0.708
853	0.765	0.714	0.708
854	0.765	0.714	0.708
855	0.765	0.714	0.708
856	0.765	0.714	0.709
857	0.765	0.714	0.709
858	0.765	0.713	0.709
859	0.765	0.714	0.709
860	0.765	0.714	0.709
861	0.765	0.714	0.709
862	0.765	0.713	0.709
863	0.765	0.714	0.709
864	0.765	0.714	0.709
865	0.765	0.714	0.709
866	0.765	0.714	0.709
867	0.765	0.713	0.709
868	0.765	0.713	0.709
869	0.765	0.713	0.709
870	0.765	0.714	0.709
871	0.765	0.713	0.709
872	0.765	0.713	0.709
873	0.765	0.714	0.709
874	0.765	0.714	0.709
875	0.765	0.713	0.709
876	0.765	0.713	0.709
877	0.765	0.714	0.709
878	0.765	0.714	0.709
879	0.765	0.714	0.709
880	0.765	0.713	0.709
881	0.765	0.714	0.709
882	0.765	0.714	0.709
883	0.765	0.714	0.709
884	0.765	0.714	0.709
885	0.765	0.714	0.709
886	0.765	0.714	0.709
887	0.765	0.714	0.709
888	0.765	0.714	0.709
889	0.765	0.714	0.709
890	0.766	0.714	0.709
891	0.765	0.714	0.709
892	0.765	0.714	0.709
893	0.765	0.714	0.709
894	0.766	0.714	0.709
895	0.765	0.714	0.709
896	0.765	0.714	0.709
897	0.766	0.714	0.709
898	0.765	0.714	0.709
899	0.765	0.714	0.709
900	0.766	0.714	0.709
901	0.765	0.714	0.709
902	0.765	0.714	0.709
903	0.765	0.714	0.709
904	0.765	0.714	0.709
905	0.765	0.714	0.709
906	0.765	0.714	0.709
907	0.765	0.712	0.709
908	0.765	0.714	0.709
909	0.765	0.714	0.709
910	0.765	0.712	0.709
911	0.765	0.714	0.709
912	0.765	0.715	0.709
913	0.765	0.714	0.709
914	0.765	0.714	0.709
915	0.765	0.715	0.709
916	0.765	0.715	0.709
917	0.765	0.715	0.709
918	0.765	0.714	0.709
919	0.765	0.715	0.709
920	0.765	0.715	0.709
921	0.765	0.715	0.709
922	0.766	0.715	0.709
923	0.765	0.715	0.709
924	0.765	0.715	0.709
925	0.765	0.714	0.709
926	0.765	0.714	0.709
927	0.766	0.714	0.709
928	0.765	0.714	0.709
929	0.765	0.715	0.709
930	0.765	0.710	0.709
931	0.765	0.715	0.709
932	0.765	0.709	0.709
933	0.765	0.712	0.709
934	0.765	0.714	0.709
935	0.765	0.709	0.709
936	0.765	0.709	0.709
937	0.765	0.715	0.709
938	0.765	0.712	0.709
939	0.765	0.712	0.709
940	0.765	0.712	0.709
941	0.765	0.712	0.709
942	0.765	0.712	0.709
943	0.765	0.712	0.709
944	0.765	0.712	0.709
945	0.765	0.712	0.709
946	0.765	0.712	0.709
947	0.765	0.712	0.709
948	0.765	0.712	0.709
949	0.765	0.712	0.709
950	0.766	0.712	0.709
951	0.765	0.712	0.709
952	0.766	0.713	0.709
953	0.766	0.713	0.709
954	0.766	0.712	0.709
955	0.766	0.712	0.709
956	0.766	0.710	0.709
957	0.765	0.712	0.709
958	0.766	0.712	0.709
959	0.766	0.712	0.709
960	0.766	0.712	0.709
961	0.766	0.712	0.709
962	0.766	0.712	0.709
963	0.765	0.712	0.709
964	0.765	0.712	0.709
965	0.766	0.712	0.709
966	0.766	0.713	0.709
967	0.766	0.713	0.709
968	0.766	0.713	0.709
969	0.766	0.713	0.709
970	0.766	0.713	0.709
971	0.766	0.713	0.709
972	0.766	0.713	0.709
973	0.766	0.713	0.709
974	0.766	0.713	0.709
975	0.766	0.713	0.709
976	0.766	0.713	0.709
977	0.766	0.713	0.709
978	0.766	0.713	0.709
979	0.766	0.710	0.709
980	0.766	0.713	0.709
981	0.766	0.713	0.709
982	0.766	0.710	0.709
983	0.766	0.710	0.709
984	0.766	0.710	0.709
985	0.766	0.710	0.709
986	0.766	0.710	0.709
987	0.766	0.710	0.709
988	0.766	0.710	0.709
989	0.766	0.710	0.709
990	0.766	0.713	0.709
991	0.766	0.710	0.709
992	0.766	0.710	0.709
993	0.766	0.710	0.709
994	0.766	0.711	0.709
995	0.766	0.710	0.709
996	0.766	0.710	0.709
997	0.766	0.710	0.709
998	0.766	0.710	0.709
999	0.766	0.710	0.709
1000	0.766	0.710	0.709
1001	0.766	0.710	0.709
1002	0.766	0.710	0.709
1003	0.766	0.711	0.709
1004	0.766	0.710	0.709
1005	0.766	0.711	0.709
1006	0.766	0.710	0.709
1007	0.766	0.711	0.709
1008	0.766	0.710	0.709
1009	0.766	0.711	0.709
1010	0.766	0.711	0.709
1011	0.766	0.711	0.709
1012	0.766	0.710	0.709
1013	0.766	0.711	0.709
1014	0.766	0.710	0.709
1015	0.766	0.710	0.709
1016	0.766	0.711	0.709
1017	0.766	0.710	0.710
1018	0.766	0.710	0.709
1019	0.766	0.710	0.709
1020	0.766	0.711	0.709
1021	0.766	0.711	0.710
1022	0.766	0.711	0.710
1023	0.766	0.710	0.710
1024	0.766	0.711	0.710
1025	0.766	0.711	0.710
1026	0.766	0.711	0.710
1027	0.766	0.711	0.710
1028	0.766	0.711	0.710
1029	0.766	0.711	0.710
1030	0.766	0.711	0.710
1031	0.766	0.711	0.710
1032	0.766	0.711	0.710
1033	0.766	0.711	0.710
1034	0.766	0.711	0.710
1035	0.766	0.711	0.710
1036	0.766	0.711	0.710
1037	0.766	0.711	0.710
1038	0.766	0.711	0.710
1039	0.766	0.711	0.710
1040	0.766	0.711	0.710
1041	0.766	0.711	0.710
1042	0.766	0.711	0.710
1043	0.766	0.712	0.710
1044	0.766	0.711	0.710
1045	0.766	0.711	0.710
1046	0.766	0.711	0.710
1047	0.766	0.711	0.710
1048	0.766	0.711	0.710
1049	0.766	0.711	0.710
1050	0.766	0.712	0.710
1051	0.766	0.711	0.710
1052	0.766	0.711	0.710
1053	0.766	0.712	0.710
1054	0.766	0.712	0.710
1055	0.766	0.711	0.710
1056	0.766	0.712	0.710
1057	0.766	0.711	0.710
1058	0.766	0.711	0.710
1059	0.766	0.711	0.710
1060	0.766	0.711	0.710
1061	0.766	0.711	0.710
1062	0.766	0.711	0.710
1063	0.766	0.711	0.710
1064	0.766	0.711	0.710
1065	0.766	0.711	0.710
1066	0.766	0.712	0.710
1067	0.766	0.711	0.710
1068	0.766	0.711	0.710
1069	0.766	0.711	0.710
1070	0.766	0.711	0.710
1071	0.766	0.712	0.710
1072	0.766	0.712	0.710
1073	0.766	0.711	0.710
1074	0.766	0.712	0.710
1075	0.766	0.712	0.710
1076	0.766	0.711	0.710
1077	0.766	0.712	0.710
1078	0.766	0.712	0.710
1079	0.766	0.712	0.710
1080	0.766	0.712	0.710
1081	0.766	0.712	0.710
1082	0.766	0.709	0.710
1083	0.766	0.709	0.710
1084	0.766	0.710	0.710
1085	0.766	0.709	0.710
1086	0.766	0.710	0.710
1087	0.766	0.710	0.710
1088	0.766	0.710	0.710
1089	0.766	0.709	0.710
1090	0.766	0.710	0.710
1091	0.766	0.710	0.711
1092	0.766	0.710	0.710
1093	0.766	0.709	0.711
1094	0.766	0.709	0.711
1095	0.766	0.709	0.711
1096	0.766	0.710	0.711
1097	0.766	0.710	0.711
1098	0.766	0.710	0.711
1099	0.766	0.709	0.711
1100	0.766	0.710	0.711
1101	0.766	0.709	0.711
1102	0.766	0.709	0.711
1103	0.767	0.710	0.711
1104	0.766	0.710	0.711
1105	0.766	0.709	0.711
1106	0.767	0.710	0.711
1107	0.766	0.710	0.711
1108	0.766	0.709	0.711
1109	0.766	0.709	0.711
1110	0.766	0.709	0.711
1111	0.766	0.709	0.711
1112	0.766	0.709	0.711
1113	0.766	0.710	0.711
1114	0.766	0.709	0.711
1115	0.767	0.710	0.711
1116	0.766	0.709	0.711
1117	0.766	0.709	0.711
1118	0.766	0.709	0.711
1119	0.766	0.709	0.711
1120	0.766	0.710	0.711
1121	0.766	0.710	0.711
1122	0.766	0.709	0.711
1123	0.766	0.710	0.711
1124	0.767	0.710	0.711
1125	0.766	0.710	0.711
1126	0.766	0.710	0.711
1127	0.766	0.710	0.711
1128	0.767	0.709	0.711
1129	0.767	0.710	0.711
1130	0.767	0.710	0.711
1131	0.767	0.710	0.711
1132	0.766	0.710	0.711
1133	0.767	0.710	0.711
1134	0.766	0.710	0.711
1135	0.766	0.710	0.711
1136	0.766	0.710	0.711
1137	0.767	0.710	0.711
1138	0.766	0.710	0.711
1139	0.766	0.710	0.711
1140	0.766	0.710	0.711
1141	0.766	0.710	0.711
1142	0.767	0.710	0.711
1143	0.766	0.710	0.711
1144	0.766	0.710	0.711
1145	0.766	0.710	0.711
1146	0.766	0.710	0.711
1147	0.767	0.710	0.711
1148	0.767	0.709	0.711
1149	0.767	0.710	0.711
1150	0.767	0.710	0.711
1151	0.767	0.710	0.711
1152	0.767	0.709	0.711
1153	0.767	0.709	0.711
1154	0.767	0.709	0.711
1155	0.767	0.709	0.711
1156	0.767	0.710	0.711
1157	0.766	0.709	0.711
1158	0.767	0.709	0.711
1159	0.767	0.709	0.711
1160	0.766	0.709	0.711
1161	0.766	0.710	0.711
1162	0.767	0.709	0.711
1163	0.766	0.709	0.711
1164	0.767	0.709	0.711
1165	0.766	0.710	0.711
1166	0.767	0.709	0.711
1167	0.767	0.709	0.711
1168	0.766	0.709	0.711
1169	0.767	0.709	0.711
1170	0.767	0.710	0.711
1171	0.766	0.709	0.711
1172	0.766	0.709	0.711
1173	0.767	0.709	0.711
1174	0.767	0.709	0.711
1175	0.767	0.709	0.711
1176	0.767	0.709	0.711
1177	0.766	0.709	0.712
1178	0.767	0.709	0.711
1179	0.766	0.709	0.712
1180	0.767	0.709	0.711
1181	0.766	0.709	0.712
1182	0.766	0.709	0.712
1183	0.766	0.709	0.711
1184	0.767	0.709	0.711
1185	0.766	0.709	0.712
1186	0.766	0.709	0.712
1187	0.766	0.709	0.712
1188	0.766	0.709	0.712
1189	0.766	0.709	0.712
1190	0.766	0.709	0.712
1191	0.766	0.709	0.712
1192	0.766	0.710	0.712
1193	0.766	0.709	0.712
1194	0.766	0.709	0.712
1195	0.766	0.709	0.712
1196	0.766	0.709	0.712
1197	0.766	0.709	0.712
1198	0.766	0.710	0.712
1199	0.766	0.709	0.712
1200	0.766	0.710	0.712
1201	0.766	0.710	0.712
1202	0.766	0.710	0.712
1203	0.766	0.709	0.712
1204	0.766	0.710	0.712
1205	0.766	0.710	0.712
1206	0.766	0.710	0.712
1207	0.766	0.710	0.712
1208	0.766	0.709	0.712
1209	0.766	0.709	0.712
1210	0.766	0.710	0.712
1211	0.766	0.710	0.712
1212	0.766	0.709	0.712
1213	0.766	0.710	0.712
1214	0.766	0.709	0.712
1215	0.766	0.709	0.712
1216	0.766	0.710	0.712
1217	0.766	0.710	0.712
1218	0.766	0.710	0.712
1219	0.766	0.710	0.712
1220	0.766	0.710	0.712
1221	0.766	0.710	0.712
1222	0.766	0.710	0.712
1223	0.766	0.710	0.712
1224	0.766	0.710	0.712
1225	0.766	0.710	0.712
1226	0.766	0.710	0.712
1227	0.766	0.709	0.712
1228	0.766	0.710	0.712
1229	0.766	0.710	0.712
1230	0.766	0.710	0.712
1231	0.767	0.709	0.712
1232	0.766	0.710	0.712
1233	0.766	0.710	0.712
1234	0.766	0.710	0.712
1235	0.766	0.710	0.712
1236	0.766	0.710	0.712
1237	0.766	0.710	0.712
1238	0.766	0.710	0.712
1239	0.766	0.710	0.712
1240	0.766	0.710	0.712
1241	0.766	0.710	0.712
1242	0.766	0.710	0.712
1243	0.766	0.710	0.712
1244	0.766	0.710	0.712
1245	0.766	0.710	0.712
1246	0.766	0.710	0.712
1247	0.766	0.710	0.712
1248	0.766	0.710	0.712
1249	0.766	0.710	0.712
1250	0.766	0.710	0.712
1251	0.766	0.710	0.712
1252	0.766	0.710	0.712
1253	0.766	0.710	0.712
1254	0.766	0.710	0.712
1255	0.766	0.710	0.712
1256	0.766	0.710	0.712
1257	0.766	0.710	0.712
1258	0.766	0.710	0.712
1259	0.766	0.710	0.712
1260	0.766	0.710	0.712
1261	0.766	0.709	0.712
1262	0.766	0.710	0.712
1263	0.766	0.710	0.712
1264	0.766	0.710	0.712
1265	0.766	0.710	0.712
1266	0.766	0.709	0.712
1267	0.766	0.709	0.712
1268	0.766	0.709	0.712
1269	0.766	0.710	0.712
1270	0.766	0.709	0.712
1271	0.766	0.709	0.712
1272	0.766	0.710	0.712
1273	0.766	0.710	0.712
1274	0.766	0.710	0.712
1275	0.766	0.709	0.712
1276	0.766	0.710	0.712
1277	0.766	0.710	0.712
1278	0.766	0.710	0.712
1279	0.766	0.709	0.712
1280	0.766	0.709	0.712
1281	0.766	0.709	0.712
1282	0.766	0.709	0.712
1283	0.766	0.709	0.712
1284	0.766	0.709	0.712
1285	0.766	0.709	0.712
1286	0.766	0.709	0.712
1287	0.766	0.709	0.712
1288	0.766	0.709	0.712
1289	0.766	0.709	0.712
1290	0.766	0.709	0.712
1291	0.766	0.709	0.712
1292	0.766	0.709	0.712
1293	0.766	0.709	0.712
1294	0.766	0.709	0.712
1295	0.766	0.709	0.712
1296	0.766	0.709	0.712
1297	0.766	0.709	0.712
1298	0.766	0.709	0.712
1299	0.766	0.709	0.712
1300	0.766	0.709	0.712
1301	0.766	0.709	0.712
1302	0.766	0.709	0.712
1303	0.766	0.709	0.712
1304	0.766	0.709	0.712
1305	0.766	0.709	0.712
1306	0.766	0.709	0.712
1307	0.766	0.709	0.712
1308	0.766	0.709	0.712
1309	0.766	0.709	0.712
1310	0.766	0.709	0.712
1311	0.766	0.709	0.712
1312	0.766	0.709	0.712
1313	0.766	0.709	0.712
1314	0.766	0.709	0.712
1315	0.766	0.709	0.712
1316	0.766	0.709	0.712
1317	0.766	0.709	0.712
1318	0.766	0.709	0.713
1319	0.766	0.709	0.712
1320	0.766	0.709	0.712
1321	0.766	0.709	0.712
1322	0.766	0.709	0.713
1323	0.766	0.709	0.713
1324	0.766	0.709	0.712
1325	0.766	0.710	0.712
1326	0.766	0.709	0.713
1327	0.766	0.709	0.713
1328	0.766	0.709	0.713
1329	0.766	0.709	0.713
1330	0.766	0.709	0.713
1331	0.766	0.709	0.713
1332	0.766	0.709	0.713
1333	0.766	0.709	0.713
1334	0.766	0.709	0.713
1335	0.766	0.709	0.713
1336	0.766	0.709	0.713
1337	0.766	0.709	0.713
1338	0.766	0.709	0.713
1339	0.766	0.709	0.713
1340	0.766	0.709	0.713
1341	0.766	0.709	0.713
1342	0.766	0.709	0.713
1343	0.766	0.709	0.713
1344	0.766	0.709	0.713
1345	0.766	0.710	0.713
1346	0.766	0.709	0.713
1347	0.766	0.710	0.713
1348	0.766	0.709	0.713
1349	0.766	0.709	0.713
1350	0.766	0.709	0.713
1351	0.766	0.709	0.713
1352	0.766	0.710	0.713
1353	0.766	0.710	0.713
1354	0.766	0.710	0.713
1355	0.766	0.710	0.713
1356	0.766	0.710	0.713
1357	0.766	0.710	0.713
1358	0.766	0.710	0.713
1359	0.766	0.710	0.713
1360	0.766	0.709	0.713
1361	0.766	0.709	0.713
1362	0.766	0.709	0.713
1363	0.766	0.709	0.713
1364	0.766	0.709	0.713
1365	0.766	0.709	0.713
1366	0.766	0.709	0.713
1367	0.766	0.709	0.713
1368	0.766	0.710	0.713
1369	0.766	0.710	0.713
1370	0.766	0.709	0.713
1371	0.765	0.710	0.713
1372	0.765	0.709	0.713
1373	0.766	0.709	0.713
1374	0.766	0.709	0.713
1375	0.766	0.709	0.713
1376	0.765	0.709	0.713
1377	0.766	0.709	0.713
1378	0.766	0.709	0.713
1379	0.766	0.709	0.713
1380	0.766	0.709	0.713
1381	0.766	0.710	0.713
1382	0.766	0.709	0.713
1383	0.766	0.709	0.713
1384	0.766	0.709	0.713
1385	0.766	0.709	0.713
1386	0.766	0.710	0.713
1387	0.765	0.709	0.713
1388	0.765	0.709	0.713
1389	0.765	0.709	0.713
1390	0.765	0.709	0.713
1391	0.766	0.709	0.713
1392	0.765	0.709	0.713
1393	0.766	0.709	0.713
1394	0.766	0.709	0.713
1395	0.766	0.709	0.713
1396	0.766	0.709	0.713
1397	0.766	0.709	0.713
1398	0.766	0.709	0.713
1399	0.766	0.709	0.713
1400	0.766	0.710	0.713
1401	0.766	0.709	0.713
1402	0.766	0.709	0.713
1403	0.766	0.710	0.713
1404	0.766	0.709	0.713
1405	0.766	0.709	0.713
1406	0.766	0.710	0.713
1407	0.766	0.710	0.713
1408	0.766	0.710	0.713
1409	0.766	0.710	0.713
1410	0.765	0.710	0.713
1411	0.766	0.710	0.713
1412	0.765	0.710	0.713
1413	0.765	0.710	0.713
1414	0.766	0.710	0.713
1415	0.766	0.710	0.713
1416	0.765	0.710	0.713
1417	0.765	0.710	0.713
1418	0.766	0.710	0.713
1419	0.766	0.710	0.713
1420	0.766	0.709	0.713
1421	0.766	0.709	0.713
1422	0.765	0.710	0.713
1423	0.766	0.709	0.713
1424	0.766	0.709	0.713
1425	0.766	0.710	0.713
1426	0.766	0.710	0.713
1427	0.766	0.709	0.713
1428	0.766	0.710	0.713
1429	0.766	0.710	0.713
1430	0.766	0.710	0.713
1431	0.766	0.709	0.713
1432	0.766	0.710	0.713
1433	0.766	0.709	0.713
1434	0.766	0.710	0.713
1435	0.766	0.710	0.713
1436	0.766	0.710	0.713
1437	0.766	0.710	0.713
1438	0.766	0.710	0.713
1439	0.765	0.710	0.713
1440	0.766	0.710	0.713
1441	0.766	0.710	0.713
1442	0.766	0.710	0.713
1443	0.765	0.710	0.713
1444	0.765	0.710	0.713
1445	0.766	0.710	0.713
1446	0.765	0.710	0.713
1447	0.765	0.710	0.713
1448	0.766	0.710	0.713
1449	0.766	0.710	0.713
1450	0.765	0.710	0.713
1451	0.766	0.710	0.713
1452	0.766	0.710	0.713
1453	0.766	0.710	0.713
1454	0.765	0.710	0.713
1455	0.766	0.710	0.713
1456	0.765	0.710	0.713
1457	0.766	0.710	0.713
1458	0.765	0.710	0.713
1459	0.766	0.710	0.713
1460	0.766	0.710	0.713
1461	0.766	0.710	0.713
1462	0.766	0.710	0.713
1463	0.766	0.710	0.713
1464	0.765	0.710	0.713
1465	0.765	0.710	0.713
1466	0.766	0.710	0.713
1467	0.766	0.710	0.713
1468	0.766	0.710	0.713
1469	0.766	0.710	0.713
1470	0.766	0.710	0.713
1471	0.766	0.710	0.713
1472	0.766	0.710	0.713
1473	0.766	0.710	0.713
1474	0.766	0.710	0.713
1475	0.765	0.710	0.713
1476	0.765	0.710	0.713
1477	0.765	0.710	0.713
1478	0.765	0.710	0.713
1479	0.766	0.710	0.713
1480	0.765	0.710	0.713
1481	0.766	0.710	0.713
1482	0.765	0.710	0.713
1483	0.765	0.710	0.713
1484	0.766	0.710	0.713
1485	0.765	0.710	0.713
1486	0.766	0.710	0.713
1487	0.765	0.710	0.713
1488	0.766	0.710	0.713
1489	0.765	0.710	0.713
1490	0.766	0.710	0.713
1491	0.765	0.710	0.713
1492	0.765	0.710	0.713
1493	0.766	0.710	0.713
1494	0.765	0.710	0.713
1495	0.765	0.710	0.713
1496	0.766	0.710	0.713
1497	0.765	0.710	0.713
1498	0.765	0.710	0.713
1499	0.765	0.710	0.713
1500	0.765	0.710	0.713
1501	0.765	0.710	0.713
1502	0.766	0.710	0.713
1503	0.766	0.710	0.713
1504	0.766	0.710	0.713
1505	0.766	0.710	0.713
1506	0.765	0.710	0.713
1507	0.765	0.710	0.713
1508	0.766	0.709	0.713
1509	0.766	0.709	0.713
1510	0.766	0.710	0.713
1511	0.765	0.710	0.713
1512	0.766	0.710	0.713
1513	0.765	0.710	0.713
1514	0.765	0.709	0.713
1515	0.766	0.709	0.713
1516	0.765	0.710	0.713
1517	0.765	0.710	0.713
1518	0.765	0.710	0.713
1519	0.766	0.710	0.713
1520	0.765	0.709	0.713
1521	0.765	0.710	0.713
1522	0.765	0.710	0.713
1523	0.765	0.710	0.713
1524	0.765	0.710	0.713
1525	0.766	0.709	0.713
1526	0.766	0.710	0.713
1527	0.766	0.710	0.713
1528	0.766	0.710	0.713
1529	0.765	0.710	0.713
1530	0.765	0.710	0.713
1531	0.765	0.710	0.713
1532	0.765	0.710	0.713
1533	0.765	0.710	0.713
1534	0.766	0.710	0.713
1535	0.765	0.710	0.713
1536	0.765	0.710	0.713
1537	0.766	0.710	0.713
1538	0.765	0.710	0.713
1539	0.766	0.710	0.713
1540	0.766	0.710	0.713
1541	0.766	0.710	0.713
1542	0.766	0.710	0.713
1543	0.766	0.710	0.713
1544	0.766	0.710	0.713
1545	0.766	0.710	0.713
1546	0.765	0.710	0.713
1547	0.765	0.710	0.713
1548	0.765	0.710	0.713
1549	0.766	0.710	0.713
1550	0.766	0.710	0.713
1551	0.765	0.710	0.713
1552	0.765	0.710	0.714
1553	0.766	0.710	0.713
1554	0.765	0.710	0.713
1555	0.766	0.710	0.713
1556	0.765	0.710	0.713
1557	0.766	0.710	0.713
1558	0.766	0.710	0.713
1559	0.765	0.710	0.713
1560	0.766	0.710	0.713
1561	0.766	0.710	0.714
1562	0.765	0.710	0.713
1563	0.766	0.710	0.713
1564	0.765	0.710	0.714
1565	0.766	0.710	0.714
1566	0.765	0.710	0.713
1567	0.765	0.710	0.713
1568	0.765	0.710	0.714
1569	0.765	0.709	0.714
1570	0.766	0.710	0.713
1571	0.766	0.710	0.713
1572	0.766	0.710	0.714
1573	0.766	0.710	0.714
1574	0.766	0.710	0.714
1575	0.765	0.710	0.713
1576	0.765	0.710	0.713
1577	0.765	0.710	0.713
1578	0.765	0.709	0.714
1579	0.766	0.710	0.713
1580	0.765	0.709	0.714
1581	0.765	0.710	0.713
1582	0.765	0.710	0.713
1583	0.765	0.710	0.713
1584	0.766	0.710	0.714
1585	0.765	0.710	0.714
1586	0.765	0.710	0.713
1587	0.765	0.710	0.713
1588	0.766	0.710	0.713
1589	0.766	0.710	0.713
1590	0.765	0.710	0.714
1591	0.766	0.710	0.714
1592	0.766	0.710	0.714
1593	0.766	0.710	0.714
1594	0.765	0.710	0.714
1595	0.766	0.710	0.714
1596	0.765	0.710	0.713
1597	0.766	0.710	0.714
1598	0.765	0.709	0.714
1599	0.765	0.710	0.714
1600	0.766	0.710	0.714
1601	0.765	0.710	0.714
1602	0.765	0.710	0.714
1603	0.765	0.710	0.714
1604	0.765	0.709	0.714
1605	0.765	0.710	0.714
1606	0.765	0.709	0.714
1607	0.765	0.710	0.714
1608	0.765	0.710	0.714
1609	0.765	0.710	0.714
1610	0.765	0.710	0.714
1611	0.765	0.710	0.714
1612	0.765	0.710	0.714
1613	0.765	0.710	0.714
1614	0.765	0.710	0.714
1615	0.765	0.710	0.714
1616	0.766	0.710	0.714
1617	0.766	0.710	0.714
1618	0.765	0.710	0.714
1619	0.766	0.710	0.714
1620	0.766	0.710	0.714
1621	0.765	0.710	0.714
1622	0.765	0.710	0.714
1623	0.766	0.710	0.714
1624	0.765	0.710	0.714
1625	0.766	0.710	0.714
1626	0.765	0.710	0.714
1627	0.765	0.709	0.714
1628	0.766	0.709	0.714
1629	0.766	0.709	0.714
1630	0.766	0.709	0.714
1631	0.766	0.710	0.714
1632	0.765	0.710	0.714
1633	0.765	0.710	0.714
1634	0.766	0.709	0.714
1635	0.765	0.710	0.714
1636	0.765	0.709	0.714
1637	0.765	0.712	0.714
1638	0.766	0.710	0.714
1639	0.765	0.710	0.714
1640	0.765	0.710	0.714
1641	0.765	0.712	0.714
1642	0.766	0.712	0.714
1643	0.765	0.712	0.714
1644	0.766	0.709	0.714
1645	0.766	0.712	0.714
1646	0.766	0.712	0.714
1647	0.765	0.712	0.714
1648	0.765	0.712	0.714
1649	0.766	0.712	0.714
1650	0.766	0.709	0.714
1651	0.765	0.712	0.714
1652	0.765	0.712	0.714
1653	0.766	0.710	0.714
1654	0.765	0.712	0.714
1655	0.766	0.712	0.714
1656	0.765	0.712	0.714
1657	0.765	0.712	0.714
1658	0.765	0.712	0.714
1659	0.765	0.712	0.714
1660	0.765	0.712	0.714
1661	0.765	0.712	0.714
1662	0.765	0.712	0.714
1663	0.765	0.712	0.714
1664	0.765	0.712	0.714
1665	0.766	0.712	0.714
1666	0.765	0.712	0.714
1667	0.765	0.712	0.714
1668	0.765	0.712	0.714
1669	0.765	0.712	0.714
1670	0.765	0.712	0.714
1671	0.766	0.712	0.714
1672	0.765	0.712	0.714
1673	0.765	0.712	0.714
1674	0.766	0.712	0.714
1675	0.765	0.712	0.714
1676	0.765	0.712	0.714
1677	0.765	0.712	0.714
1678	0.766	0.712	0.714
1679	0.765	0.712	0.714
1680	0.765	0.712	0.714
1681	0.765	0.712	0.714
1682	0.766	0.712	0.714
1683	0.765	0.712	0.714
1684	0.765	0.712	0.714
1685	0.765	0.712	0.714
1686	0.766	0.712	0.714
1687	0.765	0.712	0.714
1688	0.765	0.712	0.714
1689	0.765	0.712	0.714
1690	0.766	0.712	0.714
1691	0.766	0.712	0.714
1692	0.766	0.712	0.714
1693	0.765	0.712	0.714
1694	0.765	0.712	0.714
1695	0.766	0.712	0.714
1696	0.765	0.712	0.714
1697	0.765	0.712	0.714
1698	0.766	0.712	0.714
1699	0.765	0.712	0.714
